# Created by Octave 3.8.2, Sun Sep 17 14:23:17 2017 PDT 
# name: Theta1
# type: matrix
# rows: 50
# columns: 11
 0.756631047265564 0.5940884472717869 -0.6256788270660759 1.138280911054486 0.4948385838322129 0.1510104716133399 -0.9157530166128154 -0.7282455282901764 0.7426340190309128 -0.800035237232249 -0.6050523582425965
 0.2900342574626545 -1.254001707132253 0.9749837558690726 -0.994819211464514 0.8153559517150347 1.8122971691937 -0.1788622974922253 1.267001984527292 -0.06860232420107525 0.05933422235220755 -0.001278045300852387
 0.008029784758355649 -2.571268044435923 1.145959110076654 0.424498032723876 0.08382429386653781 -0.7517330556501328 -0.7811133056053848 -0.8530910022395018 0.09024896346294592 -0.2284968727057005 0.01932048854113147
 -0.2990929790785274 -0.05850879020310619 -0.7139345631608806 -0.1440365389269204 1.747615646089902 -1.398261144303842 0.610274903292819 0.8423775530072077 -1.834886742556245 -0.2830472991732857 0.8009380303627779
 -0.6198902200331283 0.1000001962017817 -1.037353686282542 0.07841507010496847 -0.1089034979794878 0.6320062535334698 1.060899686756306 -1.973801536170409 -0.6816144897252098 -0.3251038442148565 0.03162261546289689
 0.9312846390237716 -0.4893773922718607 -0.05249924357895901 -0.6703760265094284 -0.5428739270823262 1.544044667887225 0.752698659267541 -0.8501887077744869 0.6461813984061613 0.5444879618827432 0.0006956589789417336
 -0.1441966784062866 0.1318962164676895 0.7336414687975669 -1.22731826632827 -0.9134471538938792 -0.358640119215985 0.1620357607059243 1.020679615469129 -0.9075183589030255 -0.4907898465597369 -0.2110079308097586
 0.6508994598226341 -0.6067429484886788 -0.1653607493937962 -0.881764499330423 0.4593964196773965 0.873200955806483 -2.870876997226965 0.2974780404876128 -0.8984456444918103 -0.2816570891848854 0.06454454607128673
 0.5938158661468389 0.4284667760439564 0.1549711109605714 0.7932165979239143 0.106574212644494 -1.776176737423891 -1.2378900089275 0.8984928135259681 1.013744429123386 -0.03093667553201309 -0.3340053762879995
 0.1694172842583074 -0.09972208605554983 -0.03607078195959704 -0.02555103113958924 0.03755093305801917 0.2107683319358879 -4.686548698567424 -0.6472578142409238 1.17466629104911 0.2012154495365047 0.1344722989106626
 0.4255873175777452 0.8722636668600072 -0.523365410463478 0.2440624237120019 1.809950677370966 1.47403290671826 -1.447943060646116 0.09968017606779604 0.159472942061471 0.2033812895146284 -0.0691706389118088
 0.7298049750723401 1.62515627729646 -0.7190496137073341 0.419540856886493 -1.983753045148918 -0.8028957298004965 0.9814034573993766 0.1882242854436534 -1.140468375189652 -0.5737279840496176 -0.3666264967367087
 1.143774573312578 -0.5243927471488686 -0.5984676470973886 0.2185079893033683 -0.142430717064796 0.2687652135711452 0.1144556304798111 -1.759159829500139 2.380334686103862 0.8460755815355585 0.1213216500516588
 -0.8693046077205605 1.138953805781309 -1.12931516572045 0.02807634877007999 0.1442131781719219 -2.656292947262834 0.9578653372577407 0.8583566953947614 0.806062684672344 -0.4515137960352668 0.06672871601213619
 0.1403674616000282 -0.6951031748913075 -0.8109153711350437 -0.169052517896801 -0.9997494465234493 1.121785330017667 0.2003369513344808 1.458516899525286 0.01589747987972054 -0.3672884809894671 -0.5757574676388573
 0.2471838903672964 0.3081775806538966 0.004321313233329551 -0.2931755216819417 4.020942336208364 -0.3971351579412639 -1.360010293333517 -0.1964767238602013 -1.487276588944482 -0.5452657495911611 -0.1605055096266469
 -0.01864023242266108 -0.5401455821856693 -0.01736137046767426 -0.8870115775669108 1.950968387637771 0.3775917385564213 0.4925429783338626 0.1849594902521621 0.1669684808854985 -1.437002704115567 -0.2919828508827024
 -0.107915253905752 0.02852504560731058 -0.0948268881938307 0.5873749291264732 0.4503840134884654 0.3679962524874459 0.0963823131866559 -0.07467508685355333 0.02786339113934037 0.05393122636090362 0.05954752077175045
 0.1023822801411025 -1.216286280865728 -0.7669623721068359 1.175455415552224 -1.235167729047582 1.073186466817393 0.5394918668342499 0.08619520152176696 -0.880230762818681 0.1402219222197862 -0.2561715459152895
 -0.2238409634810127 -1.781710965854348 0.6895984187890269 -0.7010628627544023 -1.123174577276451 -0.4691193589492219 1.55553348644118 0.9606016298772121 0.003695427303090654 -1.339728979831152 -0.7433848375761815
 0.2702675554771807 -0.8406634195541272 0.2268827991055925 -0.84758894089054 -0.6948960000846437 -0.9176842754921718 1.544892441056919 0.6268794073909969 0.0003021750150105084 -0.3625728969655594 -0.2088294831911557
 -0.1658359181276224 0.5743274630067151 0.125136481104112 -1.684454893232834 -0.5275801336866314 0.5848650529507982 1.103300359794452 -0.1079821538005016 0.1432541881713043 -0.2448142051181698 0.08385649151638416
 -0.05448270937728349 0.2311701383871422 0.9872191448239109 -1.244412255752849 -0.7761994835347971 -1.771813333016691 0.8744068592040135 0.1800801847236863 0.002372829749128216 0.07292659542163978 0.1380070571494444
 -0.02455916169121363 0.1760985413377639 1.117355301819584 -1.108345682043506 -0.3128491758603721 -1.202222855906865 1.667995807563191 1.045253576186367 -0.4928133165783571 -0.3112653991233045 0.2181270705371109
 0.0828315516605319 0.3079446481288976 0.1339461971265918 -0.06396117601387524 -0.3601249214536489 -0.07056756454236522 -0.2381122378185547 -0.1905988860891756 -0.09494178909982211 -0.05291080549599682 0.0764833327527764
 -0.3305492780948242 -0.9589954940667332 -1.032221665684681 0.7596244296756141 -0.3512166907478942 -0.5825378276861336 0.8142385235910062 -0.8687466925281347 0.1926419534708246 -0.2397352474576015 -0.04395257572853824
 0.1252219711624527 -0.4773484189388638 -0.2101271938536129 0.5958496978360758 -1.704112906712031 1.75282547558595 0.2806497193456133 1.726507082539664 0.5577076596908568 -0.07356911541318237 -0.03160739984002468
 -0.4157224311709581 -1.583490962591542 0.5685753433255223 -0.1720822601996967 0.9285480800150133 1.098766544525947 -0.4371588915915536 0.236357758229381 -0.1897605125862894 0.2491564337543001 0.03347199710461268
 -0.07772044830065371 -1.236053461837137 1.323873453955343 0.7512371574198006 -0.05166229843032628 -0.4064254649964176 0.3781098658638004 -1.254431568873762 -0.5279722269746341 0.5298655321023773 -0.2453881132619589
 -0.1587698181128299 0.1490477564762999 -1.034678807592735 -0.2090193433406478 -0.05778926286737127 0.8515415415923823 0.1859797305136224 0.750362638590901 -0.6538960766209249 0.04934731640876435 -0.4995614641191475
 0.06569629500598609 0.1362764350613958 1.540422341899049 -1.284705755763912 -0.6690008205823824 -2.707497098255798 1.541851371935201 -0.8729370672884698 0.1817089297670581 -0.6079769971974286 0.0742987099144007
 0.3082598439083085 1.085785250184507 -1.616870475467712 0.0624315024419127 0.4485470828186413 -0.6181514152317037 -0.7119474919838905 -0.3663761665978584 -0.9068796906318749 0.1252040571039239 0.09401212249243437
 -0.5868486612756116 -0.6616618191484609 0.07259644051940926 0.3175463753205888 -0.1115746546701532 2.402176455939031 -2.152043281107009 -0.8851374194649936 0.6385680650625146 0.3991596007154719 -0.1726792822585446
 -0.05145530174244341 -0.3073006778079351 0.1125613980604791 0.7621804584199828 0.3824423648892482 0.382244770846636 0.2048069887339536 0.01489143248273643 -0.09779398365842912 0.0774705530436518 0.006405942747214111
 -0.1573036996212837 -0.3360451827845221 -0.4261346797857193 -0.1584293375159058 -2.229351115652941 0.8755524326369748 0.8729348346538508 2.109302419693555 -0.94543923882485 0.4570848999554215 -0.5037359429497839
 -0.06668209095911475 -0.3346612556307255 0.1223332964697908 0.7921621844537257 0.4094295148214676 0.4303473389474884 0.2296206382229375 0.09769618490197782 0.07018268620872853 -0.08118845448128803 0.06194095220738025
