# Created by Octave 3.8.2, Sun Sep 17 16:58:27 2017 PDT 
# name: Theta1
# type: matrix
# rows: 100
# columns: 11
 0.9453907323966927 -0.5177853266469754 1.220594126366142 -0.05130033128323448 -0.1155907447546317 -2.67530442749253 1.039422312101228 -0.1703635710215781 -1.070867327428941 0.02622804430553603 0.09733357165018899
 -0.4404562981292543 0.1926604947429672 -0.1492739470352777 0.623392042927881 1.387673998432009 0.3604366282363675 0.6111898097230466 -1.363215567641936 -1.093198158883103 -0.09257800493767293 -0.08944907310320965
 0.03252141127653847 -0.8716149140688584 0.3753539831377513 0.2537876235921172 -1.628333588636053 -1.44489120847176 1.166583385730896 -0.3754787244618354 -0.451802991708539 -0.1267491978290262 -0.008829195603460004
 1.921700265387804 -0.8957047399848488 0.9781061389267731 -0.2363826001399572 -0.2844353745939907 2.729757485922036 -1.450203454416235 -0.9122290524051984 -0.2245223034566561 0.7102808696099973 0.0636444804352231
 1.173674416134293 1.438967619862655 0.6676466866643009 0.6052166541493379 -2.555687919322147 1.589201317397859 -0.6431862672108805 1.135428365383434 -0.07446301674377781 -0.1428208653008891 0.2206071649079747
 0.1155301139605006 0.01975825271750235 0.2626239342948745 -0.2693683778396363 -0.2211223944249277 -0.89334906638356 0.05333565509060614 0.3829538701993676 0.2791760500486491 -0.01883602438343101 0.07217948414429191
 -0.1958188906119082 1.031358407055549 -0.3506862665637696 0.1481336163196583 0.8039785363532815 0.685788191894642 0.3493017368694858 -0.04762633644648907 -0.1132598488853233 -0.005119365579114814 0.008135688215935596
 0.3666914318243844 0.1941644294153429 -0.3362360317571075 0.02601401243591227 -0.7371343452189446 1.102015213112694 1.010030550858738 -1.272098055446545 -1.243399603503304 -0.3617098937458835 -0.2236034686519948
 -0.02941110444945005 -0.5607943803915681 0.9235235578168765 -1.053672796457588 0.901021604628649 1.984307696779715 -0.3288104207272305 0.6932090520370072 0.1112752588306688 -0.05812762182536237 0.0328895680967334
 -0.2835315608565589 -0.6172859433225718 -0.2253602063647798 -1.140956573505442 0.9481247305060375 -0.1960912356986149 -0.6393682993948859 0.942081738402143 -1.633892078752893 -0.1832908542707431 0.03553428801668045
 0.1393575765485445 0.1736514471889831 -2.832351008319611 -1.554877673504928 2.441229792878178 0.8833912735131804 -0.3715864487837647 -0.4360095293397236 -0.06455101053954644 -0.2370760437737248 -0.1762029632740367
 0.2454058314396672 -0.1879692901608524 0.1007520902406915 0.2523864687311351 -0.974942573870292 -1.101080435726899 -0.3880658169607731 -0.04682350381490611 0.06492525327387433 0.06933843543852623 -0.09813674794792744
 -0.2732812773557903 0.2463652395919799 0.627085969604177 0.03799131167568427 -0.5429822433311522 2.380936178959557 -2.377681776656945 -0.6557750805527747 0.1919769856456278 -0.4083068036740953 -0.3673679930160181
 0.2457511410406159 1.470028007382253 -0.4830626378916369 -0.5489847518097998 -1.417283548631951 -1.940242168319424 0.9860809227485098 0.243190491289829 0.5405784694260833 -0.4468535684447466 -0.1090360779984166
 -0.8500620100664321 -0.1950244503064313 1.771067912655485 -0.6716584020119232 -0.1935564113815552 -1.35614510382357 -1.108021109393596 1.906855245762691 -0.2248979313793702 0.720170746779336 -0.009359391036329386
 -1.051424098800961 1.429156696063729 -2.02047015106837 -0.2599351096832135 -2.013591924161497 2.074753054704286 -0.4970150866897027 -0.01832910190515213 0.4768801020828279 0.526077296848762 0.3699309043417
 -0.2464475590928194 -0.1081077382360322 0.3328022607898328 0.5032671353294599 0.09258198841135801 0.6067358036977312 -0.5286581809012462 0.07048449415623458 0.1108992511530011 -0.1806044290108113 0.04146586820318522
 -0.1638221317742521 0.09782770630933012 0.3765283801568145 -0.4063180686507646 0.2175094733539401 0.5720096459223506 0.5043115537600761 0.05630364006692615 -0.143737913602844 0.04537461548215678 0.00725594392465799
 0.3415378546178011 -1.446940162604597 0.8908610869463668 -0.4080861491649065 -0.1365322848125206 -0.2537740836208374 0.1766521954303793 -0.4133206093533797 0.661565828467652 0.6068686495012038 0.2936619175269481
 0.1367171325539081 -2.113429569195325 -1.643386905068694 0.2426911543950626 0.7971015009989215 1.967940190293215 -1.524973127586859 -0.1837519310477572 -0.09671835333289082 -0.003689979365634882 0.1336806411432093
 0.007240931222934773 0.466885722181653 0.3020815245410007 -0.1184847440109402 0.4496190883998664 0.01342720211232347 0.2600061389642684 0.2277031818626597 -0.05852343741058769 -0.05971846910475093 -0.04503330727327613
 -0.5392115646100897 -1.166137143065033 -1.255818621355456 0.3726414014381516 1.953370347980729 -1.165395610501717 -0.07996702807698369 1.51091110708114 0.4317932091088783 -0.1606359283365653 -0.08485144266597895
 -0.2345910581005891 1.741007959478067 0.03025516861116966 0.6945948130952323 -1.188025477366552 0.6327740566646183 0.3128736575855277 -0.2592354781441807 -0.02839787761254381 -0.171497684728255 0.136399465630307
 -0.267090009381121 0.8002721212975865 0.7159369467590997 -0.3231820259595974 0.001115305834826151 0.9192833928053327 -0.6709698814441634 0.02943515855653818 -0.08461686635478312 -0.1950625517390893 -0.06295042255454132
 0.1187266085328891 -0.6583696434478585 -1.612194785860172 1.714830327802207 -1.517607846747421 -0.4055524095998905 -0.334107647494864 -2.140600414988623 0.2367620566484916 -0.1654701525961914 -0.07458990915209442
 1.020515974202942 0.5041023840632475 0.2622713889895464 -0.9212386925483277 2.329744431848117 -2.186911206959387 -0.3641277659877811 2.144729017464767 -2.504375515889784 -0.8155400009117971 -0.2902637844863685
 -1.054860550860841 -1.253337462575437 0.1595173838999484 0.1285080925848711 0.8594816644095977 1.929180065913586 -0.3000008081705394 0.940123799242404 -0.1278866577382031 -1.169772770317839 -0.08394251232973587
 -0.08119590290330975 0.009507353946702898 0.4633880351817924 2.338665619099118 0.0674060372329269 -1.805155993899609 1.891474264903288 -0.302793755487016 -0.4580443263649606 0.1434336943387743 0.007794055130210016
 -0.5798396554660489 -0.8236308217702237 -0.09162063314279234 -2.081012436560275 -1.0715884777643 0.9442869334901406 1.140676282987502 1.758092232240399 0.2295109479000644 0.5422252243058155 -0.06902956069140218
 -0.3478368541095747 0.7926959701673182 -1.64119440904587 0.5902482261650062 1.674532937747647 -0.4200834148241965 1.382834782757655 -0.2506764485530937 0.3042145291578181 -0.07282499319710017 0.04723111103796391
 0.3727117532031222 -0.6854547562198569 -0.4048567722399093 0.02609136570130396 1.344494794377933 -0.2365607825635528 -2.423431403626024 -0.07430609434744448 0.6146450944493935 -0.4815877444629732 -0.03219062134867892
 -0.3473977535507466 -1.829251928727777 -0.3439247736346087 -0.8428727030076286 1.783891743330676 3.359234256041178 1.143599581406262 -0.1585407164845437 -0.1533268483265816 -0.2616356614945102 -0.120017555268773
 0.3099455690705796 0.3925730101312561 0.03389132675765177 -0.623435809791591 0.01860176472086358 -0.746740632906517 -0.3809779034382172 1.756980741267049 -3.832224824174777 -0.3903580241795893 0.01418975455825124
 0.6202376059267386 0.1099020541516315 -0.3803726004506909 0.1768081965053164 -0.2532711613674477 0.4785085876235927 0.2445038569333327 -1.626437659273471 -1.362237944509484 -0.200101131673893 -0.02424748368587099
 0.2749526347334262 0.1745955877684302 1.513351461498647 -1.208261398719878 -0.8234365776818885 -2.723595886812632 -1.356732457688786 -0.3432255090790488 1.10913742003492 -0.2456356386742067 -0.07851542083214831
 0.568287609177004 -0.6400632579806846 -0.8274204365911643 0.2483552187000434 -0.871385085263635 -0.7451623715428486 1.44562197404835 -2.169930898927999 -0.2692229456008699 1.589114352138697 -0.01001766933015338
