# Created by Octave 3.8.2, Sun Sep 17 14:33:36 2017 PDT 
# name: Theta1
# type: matrix
# rows: 50
# columns: 11
 1.749479023672996 -0.06930467078056982 0.3441859663882547 -0.5486026090943734 -0.1037176894439352 -2.196491219434285 2.159016115018851 -3.056850347197138 1.172409621228631 1.273030282331467 -0.1280288405712711
 0.3518703034894262 0.5615247681432987 -1.289982278964996 -0.6844554312306134 2.460783248344582 -0.9966021949504007 -0.05251467183646335 -0.6681629243215107 -0.870073395243677 -0.4927678623253064 -0.02745189816616971
 -0.6148352540503152 2.194006253795872 -1.189747724862321 0.549802141158534 0.2225232619820994 -0.6539376294745461 -2.626364943364105 1.463337317112068 1.370410288982328 0.4200159170390328 -0.3658118090576811
 0.460363303853026 0.1989203395466724 -0.006602621013092051 -1.24800560399027 0.0888980640350507 3.095510075356649 1.186717393522742 -2.608773033007952 0.4970928525013267 1.472731584117761 0.008788186897554923
 1.147814845015882 -0.5958735844087873 -1.514695117969213 -0.2302981788370805 -0.5218986430794907 2.313530726258354 -1.488552975181209 1.077701499883687 -0.5177648471114833 -1.164225200849464 -0.4417837642015295
 1.196055305800784 -1.418398489091114 1.356677769566792 1.276183859645446 -0.3063266678366749 -0.1760979509352809 1.82379917143727 0.03601119697430786 -1.19260532774829 0.02209334177679152 -0.1436784417971661
 1.701849270075791 -0.038220939927289 -0.05120533860309736 -0.03207095247661685 0.01397636337619983 -2.364026971905175 -0.729051377947869 3.921262231377951 -4.730929574975692 2.088002853837576 0.1403203339554742
 -1.178971226771547 -0.06916634648461414 -0.07373324294683613 -0.10525557915633 0.1475187638421766 0.3243824510000258 -6.010141157725181 -0.4412597873909628 0.9487135681436544 -0.8838138463566932 -0.05564497058089863
 -1.44731710426293 0.341514207113753 0.1105024382337735 -0.83196480009805 2.221262524177284 -0.1097219251753272 -1.800857019640482 0.1489091544582636 1.770345638580316 0.9966691413258973 0.456513521557759
 0.5714967964734996 0.5395777445837935 -0.2026678951527262 -1.264678904949805 -0.6310563614052388 -1.058936338551451 -0.3178905333449559 -0.1669405003969022 0.003371691070226698 -0.1046480353486421 0.00738639989661125
 0.1330708416235713 0.8586956978186616 0.3756482208690025 -1.400788353545312 -1.236626887402964 -0.1633989432773396 -0.653425075468521 -0.6699832495204261 0.4118170106744416 -0.1361416549886653 -0.05062464710534963
 0.244373682746414 0.6505746062434269 -1.277902801085105 -1.885696819328905 0.1941852609031184 0.3812289109624595 1.519775953993075 0.04898528298516722 1.867253242367729 -0.1172788845294821 0.4215693415348942
 0.5780295267075457 -2.499092189040734 1.056649795663823 0.2621823577766196 0.2289293509807754 -1.270611756458983 -0.6803812100618554 2.410943800814935 -1.346712218062156 -0.005045466831382037 -1.040924772760529
 -0.07580775323166503 0.142823963246723 -1.930859904109062 0.02707963103682828 0.3879055846199264 0.8576700513888553 2.018359391161409 -2.352574596906777 -0.5748875654196686 0.05233857227752967 -0.3177632011726299
 1.47181362255487 1.528965229133281 -0.7217866785749883 0.5193697393676906 -1.98056072852113 -1.149764387056938 1.206392815255775 -0.03569931208093712 -1.410618725863705 -0.4223004582427366 -0.2463406825826555
 -0.2929535915552943 -0.2520684251018188 0.3367815050331164 -0.01049924855200936 0.8624893390946349 0.0005996049679862375 -0.2591752683704592 2.502082001369689 -0.8934153769059174 -0.9553099716030666 -0.0789944117645771
 -0.3132048317345607 -0.2471449952876872 -0.6061906366796852 0.6516181001250451 -1.978868358805359 1.254476444425656 0.588560604324296 -1.106431697640369 -1.510506489347702 1.353027389956885 0.5975558550520739
 0.4675839497080261 -2.436160722498891 -0.3147364703504312 -1.220810388502544 -0.1555308601735494 0.6358843759511364 0.8681069246984779 1.103554463670233 0.00273451141670191 -0.6078921947249339 -0.07537535010707529
 -0.174745923619016 0.1216852991472041 -0.8829642067607568 -0.239345607580607 0.3044019499095957 -0.04707023232567371 -1.194112793202283 1.606484468017409 -1.654263727411093 -0.1269046091425749 0.1248865833137619
 0.3310582122158978 0.3376117820442028 1.405389021432762 -0.5931013985922542 -2.145467598253562 -1.186737426095061 -0.2211853356202623 1.551794485304463 1.751176602769035 -0.08155082669224668 0.5545857167115723
 -0.2249006371175679 -2.150998290253259 0.9945340131568305 -0.7283840257742454 0.8709876968287535 0.2560181153237984 -1.380403100771655 -1.567693457243324 -0.009362273029473131 0.187186456203923 -0.03136782026280534
 -0.01951389987937576 0.2311392120044187 -0.6493654547885535 0.5016011057368426 0.2630650389282751 1.239964875212302 1.526835133692748 -1.770691668892927 -0.6707455815971344 -0.6873451685039382 0.02157238154578038
 0.02591764363385278 0.7309341837436814 -0.9706219133027484 -1.482745127857563 -0.3644716022153112 0.5262092990721334 -0.06365448565403144 -0.03135869256398927 0.7230773370823571 -0.3231738425716745 -0.1346625465710181
 -0.02680472836450262 0.08806672704158607 0.1085120574973387 0.2738279080620803 0.2722274914974387 0.1916507669686961 0.1271653015363408 0.03829668381387766 0.05371303964044992 0.07843458390608193 0.001533818407187488
 -0.04924538090631254 1.433628539731428 -0.3375318688442626 0.05169979412769271 1.672679481291032 0.5568102429704885 -1.155148906383646 0.1027577843098401 0.6957143088667208 0.5129230583078705 0.03443060835030463
 1.590844685169044 1.6829469694524 0.4776954930471061 -0.4014002703993768 -0.04945805803222273 -2.640018806421242 1.19628931494994 -0.2512868853241215 -0.3813626974861288 0.5690554236081591 -0.1008405422580639
 -0.1623720212838878 0.4853063966445799 1.60886262489434 2.109906712838049 -1.809439667475133 -0.4466791732933054 0.9763122475519223 -0.1380221551484901 0.6890607895060283 0.4185024578518972 -0.005221861004666172
 0.84420654028947 -1.606791491103084 0.648312823424113 0.8911537904839461 1.297304914346618 1.966693544343741 -1.254947620803169 -0.1118198279112323 -0.66946738347625 0.3656125343892312 0.09648336563007798
 0.2391290881828705 -0.5547588713534209 0.1775578374137247 -0.8704950512276896 -1.222390327834399 -0.3886125694928645 -0.5030524916608498 1.247769446099417 -0.03247359632348656 -0.3313133437440774 0.01988342557293406
 -0.8764491046216292 0.3132010794883688 -0.8325763313257788 1.562561710385265 -0.1800391657492668 -1.636524873174756 0.8265763950979776 -0.847613592053999 0.957253909818567 0.4558098055065759 0.004151709422762944
 -0.4699453232096883 0.7514489542576973 0.6355608665894488 -1.404396681872688 1.233485544105684 1.419971465773979 0.1408331275895794 1.778992515990658 0.08344180181538435 -0.1553283508084518 0.01441919520736574
 1.539248715681777 -0.1814562145554219 -1.637170014173272 -0.755008826376226 1.334165779693921 0.8536362033085948 -1.318830981547038 0.6261006098956732 -1.058929213883866 -0.2277363269091932 0.04613864635567332
 -0.2267140567120547 -0.3461276018839088 0.1384122480180583 0.9389214545030072 0.3697924250457371 0.6404497357235587 -0.002742218347914953 0.2373476010803557 -0.9341042151819064 0.3201276026644297 0.0525506152665285
 0.5816112283513488 -1.24877885983246 -1.216830506634278 1.100313660363049 -1.721955440732946 0.6767990790111309 -2.337695228744341 -0.2843402953898507 -0.3972134956583031 -0.03104108692292429 -0.01913342881090747
 -0.03308711574804213 -0.6412915949143788 1.280442856444744 0.04608950047435866 -1.141276119380902 -1.15394254645783 -1.530524393012769 0.0218528552430446 0.3981498959792392 0.1013649383066971 0.09853214180120254
 -0.4458999642569075 -0.8059581723162376 0.6745787080466886 -0.6694073017500628 0.3279589339671721 1.455899644136734 -0.3663721288421564 -0.600945188484128 -0.9881616376877199 0.341334440376395 0.05558847480839427
 0.5148729140274489 -1.240404389935488 -1.534791923745548 -0.3582380167137418 1.966378510913998 2.069904282382211 -1.60435701345854 -2.104274605747029 0.2839186852827653 -0.02383003958496247 0.0403160516649722
