# Created by Octave 3.8.2, Sun Sep 17 15:03:05 2017 PDT 
# name: Theta1
# type: matrix
# rows: 100
# columns: 11
 0.1487008437298597 0.462169530260557 0.1060531491572068 0.06847727778188153 0.6193534791194905 0.20582958447951 0.477247193446124 -0.9662341015257583 -0.5218310987059922 -0.4327528692218363 -0.03270435116374083
 0.3215837621911309 0.2313353060559815 1.173149123599935 -1.360055601740871 -1.71269595748651 -0.3291725160709685 -0.08661733158890836 2.7186632063273 -1.006764610923689 -0.2422744378117208 0.006117844993565934
 0.1486861896286532 -0.4930834181678836 0.2529166651274262 0.3612654556926505 0.02099180015007203 -1.166512623501377 0.5402429251749997 -0.6911095288967858 0.1300269672114817 -0.2603934708359645 -0.08849283579129104
 -0.1223500935461736 -0.3936160333552255 0.1874168629581091 -0.6526335203101165 -0.7741523808533133 0.5505285993196043 0.3011356774439569 -0.4681185847888474 -0.4965277668867946 -0.2813404861869794 -0.0002162099447497809
 0.3138431763886886 -1.219700198397662 0.7005877348718066 -0.4102868632959046 -0.1937546500738108 -0.0003538375232183371 -0.340319804705938 0.3552748540670794 0.6664770214448267 0.1540589328126021 0.07346918673411031
 -0.2420270130875906 -0.7004582535711674 0.1540357083297046 0.6584524372427137 -1.931998092803743 1.026869102986753 -0.05897376842323616 1.145404423897343 -0.63808138274517 -0.02350555671399885 0.3519879966926314
 0.5218593434981048 0.3992088011016223 1.116062642748845 -0.710576560147858 -0.473408545772653 0.4706838283388729 0.1247164906037774 -0.9669814189527937 -0.1942693567699774 0.408601756852182 0.0492723754974648
 0.2115278360238822 -1.6715922281485 1.541890344249787 0.7687008828142381 1.16226921522718 -0.1725805276803246 0.3028606688691862 -0.9649947555305302 1.666119757761199 -0.3009327690701292 0.1089588210780082
 -1.662979785061955 -0.02678562727762816 0.01079117323400956 -0.01970079616372386 0.07987771271437683 0.0223088069130894 3.838710391349329 0.5498476069902242 -1.084063234286663 0.3493080312097505 0.004279996345725708
 -0.3419899772725651 -0.794601748008241 -1.087334861826051 0.8586841289804941 1.342194319664347 0.876335882740236 0.1186399026680103 -0.8033018754946286 1.001107986718827 0.1044431976796397 -0.02082139179688605
 0.06343627420743697 -0.5996230099205611 0.7775729253557655 0.3036263960894819 1.163500885753855 0.552013289687007 -0.4689593398439836 -0.8388595039210337 -0.06954816512427701 0.2245628412573155 0.04340600333807583
 0.3030222678955232 -0.0002096337892963858 0.5728418467724948 0.1095156731364798 -1.19223907738788 -1.174248788403562 0.9158858082635724 1.590350872991199 0.6318147447453544 -0.04061605614598292 -0.07618021090457069
 0.1833944693862125 0.4834414443330802 -0.3384061554650079 0.9404705795945812 -0.1990221810328573 0.4907411311099454 0.7273736686740299 -0.09845535140153218 -0.5600953970353217 -0.2601565547915154 -0.04072099905467425
 -0.2481643569596402 0.03561621740238394 0.3617890417599958 -2.134751441073972 0.5689616097140562 -1.187284464401719 -0.4035415308975986 0.5265469605975869 -1.019118521822704 0.14471532273982 -0.1206425630737903
 0.1844636964606714 -1.038111306425304 -0.01040872649467845 -0.2956828873036721 -0.4790379808463884 -0.4323302721789196 1.013395766323696 -0.01526988079279773 0.2957987027841845 -0.5560143378664535 -0.2144289207429234
 -0.3656928908391665 -0.3709089079902487 -1.034397609200793 -0.3602165266764865 0.4828313717826795 1.918781042810846 0.7497089887954361 0.7157725214211955 0.1155828281771999 0.02525109293199837 -0.005474661134565332
 -0.09051290817246085 0.6459603355411011 0.276928738192978 0.6189030254584433 0.2660752217887558 -0.3335899918856867 -1.726117591546205 -0.9701285670917841 0.4079376908889242 0.6772191077853617 0.02725571079065077
 0.0222425093348816 -0.2534037512297685 1.182916269751607 0.3984553668069951 -0.5939525829165115 -0.7659847305757083 -0.8856619371277331 1.92457522791528 0.1203796657775956 0.08321042489886979 -0.02700067952020312
 0.1047069908164226 1.097196836020808 -0.2621553010585651 0.4974492459882167 -2.279902366412802 -0.2515774934770535 -0.4860385620698946 -0.4265885650708293 0.07721785030140922 0.3334542975787471 0.2771498982945559
 0.08504479741422623 0.4483760529726777 -0.6723565510310607 -0.2278239269554413 1.352003435718837 0.5940953120586866 -0.06574294903919169 1.215245890025181 -0.02535307348614904 -0.783645710882554 -0.1753850468498791
 0.4338263865337198 1.148718340478549 0.3473249652493955 -0.1882798620410914 0.1511364828626816 -1.792083092782418 0.4749988621245995 -0.2582928473396178 -0.007058658379123246 -0.02973284455291124 0.0612579206302731
 0.4724867861088662 -0.7764845029107519 1.21720443338882 0.9333697750092677 0.5099025242470128 -0.04869946838882237 -1.43514251130688 0.4921652174937986 -0.2588321538153689 -0.4281817281239644 -0.2629039682560093
 -0.583976309617471 0.05909155929843607 0.01099840959449209 0.01652651818301564 0.02812466583060198 0.04127061338431522 -0.1217199468906 2.761668849341472 -3.312235208618856 -1.229627063211175 -0.2235651570479049
 0.5380500613967807 0.416191221330373 0.6278230282903319 1.188541464780914 0.06318141599269983 -0.9979983163081304 -0.5045011313989286 -0.6695731000686849 -0.6777700647802206 -0.9724073156701059 0.01764295760159816
 -0.09221829476401658 -0.1912229201651845 -0.05181098543140392 0.3768335233292332 0.2117661332953314 0.4053421742031584 -0.2825335972311537 0.09220849199459774 -0.2618662839133657 -0.05817448366744908 -0.05741463763657941
 0.1292292632744996 -0.01187776600758762 -1.925594282304698 0.03010951143986372 2.350793789273319 0.8896994893117464 -1.421048217157454 -0.6448043399075419 -1.076951188180962 -0.34291890055909 -0.2739745479194686
 -0.2745072935695021 0.7469728603677719 0.2241202793067153 1.035703666578079 -0.02599370060623029 -0.7696533064101914 0.5426026109167028 -0.3224749011346553 0.5216688647573845 0.1358194816337938 0.04296445731542146
 0.6400832108769773 -0.8093969443674633 -0.4291806394190784 -0.6549774010116544 -0.485276801720202 1.62636586507256 1.104224166968807 -0.8778296076063863 0.7576642641531661 0.5787072571258624 0.05349105422717098
 0.589097348731959 -0.7190219131529524 -0.7207478357410687 -0.1188666547396382 0.2822845250161888 -0.08084602319812072 0.1828746119073681 -1.365167840049987 -0.08827173334887883 0.6484816571134538 -0.1302231551239776
 -0.04602023658734528 1.205082824481713 0.2991499433325968 -0.06848905245419346 -1.799563021020518 -0.6744445674134597 0.6252763092134722 -0.2083563104151905 0.3288559785897288 -0.133614258719201 -0.1491822016317878
 0.04309134052706363 -0.1887846378435446 0.1187185617843382 -0.4700910624961496 -0.2621318692271731 -0.2613099271734717 -0.08840231670856576 0.370027578787613 0.1686739663577196 -0.04548853900221074 0.07639625005446404
 -0.0004262652949396567 -1.649241676224231 0.05253252141440257 0.4546811077378543 -0.1374550526244032 -0.5467686220384625 0.3082862083852953 -0.06343560901955393 -0.6737275201757638 0.1349478593549815 0.03945895381922915
 0.1083036472249353 -0.8984083480366551 1.434380298959786 -1.970669707254805 0.9663878487090898 0.6395961799178169 -0.8660844856629072 1.017639277286978 -0.5408822513084978 -0.1218762516387667 0.03179434846093716
 0.03661245150838192 -0.164835478020161 0.009126578478086721 0.2934019461785385 0.1148087282318638 0.2980395047559413 0.1523853672847539 -0.04088676888672044 0.08066687238074823 -0.1048187055709035 0.04930942353816237
 0.4432033799521523 -0.9409361754998041 2.147248878966313 -0.04056263216244512 0.5701936506666139 -2.708434969816568 0.6478893722033152 -0.2786901367629394 -1.443641604250864 -0.1838839154541258 0.003818669278386487
 0.4113257244043029 0.0810976538725583 1.849505851371893 0.2096737049115562 -1.365048948959333 -0.003342080824418769 0.2547542554191045 0.2113800750750308 -0.5480030093680976 0.4710408780212388 0.1582638002805929
